47.5289 21.6498
47.5289 21.6493
47.5289 21.6489
47.5291 21.6471
47.5292 21.6454
47.5294 21.6439
47.5297 21.6411
47.5297 21.641
47.5299 21.6393
47.53 21.6376
47.5303 21.6357
47.5307 21.6359
47.5311 21.6359
47.5315 21.6356
47.5316 21.6355
47.5324 21.6348
47.5328 21.6347
47.533 21.6346
47.534 21.6348
47.5341 21.6347
47.5345 21.6344
47.5351 21.6355
47.535 21.6357
47.535 21.6358
47.535 21.6359
47.5351 21.6361
47.5356 21.6359
47.5358 21.6358
47.5346 21.6336
47.5347 21.6335
47.5349 21.6331
47.5353 21.6318
47.5356 21.6306
47.5356 21.6305
47.5354 21.6295
47.5356 21.6294
47.5358 21.6294
47.5368 21.6286
47.5366 21.6278
47.5389 21.6273
47.5391 21.628
47.5393 21.6297
47.5398 21.6297
47.539 21.6258
47.5404 21.6256
47.5417 21.6254
47.5416 21.6252
47.5419 21.6251
47.5424 21.6251
47.5426 21.6251
47.5428 21.6252
47.544 21.6257
47.5448 21.6261
47.5449 21.6262
47.5452 21.6264
47.5453 21.6264
47.5456 21.6266
47.5457 21.6267
47.5467 21.6273
47.5468 21.6273
47.5488 21.6286
47.5491 21.6287
47.5491 21.6288
47.5492 21.6286
47.5496 21.6267
47.55 21.6254
47.5501 21.6251
47.5502 21.6248
47.5504 21.6245
47.5512 21.623
47.5515 21.6228
47.5517 21.6227
47.5519 21.6227
47.5521 21.6228
47.5523 21.6228
47.5531 21.6234
47.5531 21.6233
47.553 21.6231
