25Y (Veres Péter utca - Vincellér utca)
47.5404372;21.6712531
47.5343647;21.6711500
47.5311299;21.6745779
47.5301446;21.6652728
47.5294825;21.6594585
47.5290542;21.6536058
47.5289897;21.6493407
47.5300861;21.6381609
47.5295260;21.6287120
47.5280359;21.6219682
47.5264621;21.6181517
47.5286680;21.6141683
47.5294017;21.6078912
47.5287893;21.6043387
47.5270000;21.5980880
47.5214050;21.5986480
47.5178574;21.5991414
47.5140893;21.6000592
25 (Veres Péter utca - Vincellér utca)
47.5393332;21.6714245
47.5421718;21.6714271
47.5469700;21.6714738
47.5497393;21.6715479
47.5500937;21.6655472
47.5496272;21.6604097
47.5476199;21.6569910
47.5436206;21.6583549
47.5386656;21.6596839
47.5331611;21.6602123
47.5294825;21.6594585
47.5290542;21.6536058
47.5289897;21.6493407
47.5300861;21.6381609
47.5295260;21.6287120
47.5280359;21.6219682
47.5264621;21.6181517
47.5286680;21.6141683
47.5294017;21.6078912
47.5287893;21.6043387
47.5270000;21.5980880
47.5214050;21.5986480
47.5178574;21.5991414
47.5140893;21.6000592
25Y (Vincellér utca - Veres Péter utca)
47.5154410;21.5996939
47.5190736;21.5991626
47.5225205;21.5986964
47.5276982;21.5989861
47.5286880;21.6047145
47.5295438;21.6101529
47.5287403;21.6133022
47.5264905;21.6188084
47.5292494;21.6284931
47.5301997;21.6331343
47.5296712;21.6401416
47.5287998;21.6506497
47.5288837;21.6551857
47.5305353;21.6605779
47.5341668;21.6602305
47.5397738;21.6596017
47.5431494;21.6586947
47.5483807;21.6580043
47.5496219;21.6607687
47.5500382;21.6668372
47.5498327;21.6714520
47.5457567;21.6713416
47.5417292;21.6713177
47.5404372;21.6712531
30 (Bánk - Jégcsarnok)
47.4586522;21.7552017
47.4614472;21.7502910
47.4646080;21.7446201
47.4725678;21.7305185
47.4780774;21.7205994
47.4853021;21.7117546
47.4947076;21.7042112
47.4973815;21.6970350
47.5005574;21.6937363
47.5039032;21.6908791
47.5063598;21.6887671
47.5078994;21.6827400
47.5087236;21.6774822
47.5107247;21.6698811
47.5127191;21.6642244
47.5152946;21.6569616
47.5199697;21.6579509
47.5212766;21.6533730
47.5223335;21.6491241
47.5237565;21.6449719
47.5260564;21.6368048
47.5217818;21.6286976
47.5210740;21.6271250
47.5184226;21.6211049
47.5152933;21.6159499
47.5127383;21.6096298
47.5110609;21.6056503
47.5156923;21.6028255
47.5154410;21.5996939
47.5190736;21.5991626
47.5225205;21.5986964
47.5254500;21.5992610
30A (Jégcsarnok - Diószegi út)
47.5249146;21.5988005
47.5214050;21.5986480
47.5178574;21.5991414
47.5148999;21.6009647
47.5161238;21.6045189
47.5111082;21.6060521
47.5128551;21.6102341
47.5154988;21.6167760
47.5182230;21.6209061
47.5210555;21.6288382
47.5240962;21.6354709
47.5263006;21.6383678
47.5234795;21.6452854
47.5217286;21.6506881
47.5207018;21.6551427
47.5183288;21.6581155
47.5150974;21.6571000
47.5124511;21.6645894
30 (Jégcsarnok - Bánk)
47.5249146;21.5988005
47.5214050;21.5986480
47.5178574;21.5991414
47.5148999;21.6009647
47.5161238;21.6045189
47.5111082;21.6060521
47.5128551;21.6102341
47.5154988;21.6167760
47.5182230;21.6209061
47.5210555;21.6288382
47.5240962;21.6354709
47.5263006;21.6383678
47.5234795;21.6452854
47.5217286;21.6506881
47.5207018;21.6551427
47.5183288;21.6581155
47.5150974;21.6571000
47.5124511;21.6645894
47.5103000;21.6707700
47.5086200;21.6775700
47.5077709;21.6828900
47.5059070;21.6889942
47.5036175;21.6909466
47.5003765;21.6937545
47.4971458;21.6972788
47.4942491;21.7045135
47.4851485;21.7116698
47.4777539;21.7209642
47.4721722;21.7312376
47.4644080;21.7448201
47.4610731;21.7506448
47.4586522;21.7552017
21 (Nagyállomás - Nyugati Ipari Park)
47.5210555;21.6288382
47.5240962;21.6354709
47.5279793;21.6384271
47.5315621;21.6400009
47.5401850;21.6317970
47.5416425;21.6230432
47.5414199;21.6162577
47.5416229;21.6125950
47.5419238;21.6081850
47.5422730;21.6022328
47.5429930;21.5920239
47.5452151;21.5782216
47.5457560;21.5706730
22 (Vincellér utca - Vincellér utca)
47.5148999;21.6009647
47.5161238;21.6045189
47.5207620;21.6068378
47.5244389;21.6074442
47.5271105;21.6079348
47.5295438;21.6101529
47.5332907;21.6117218
47.5361109;21.6119774
47.5380789;21.6112229
47.5426875;21.6097827
47.5462590;21.6097664
47.5495640;21.6098290
47.5547955;21.6129141
47.5557233;21.6151241
47.5535927;21.6188686
47.5534021;21.6238440
47.5559901;21.6285604
47.5577374;21.6444495
47.5523138;21.6489999
47.5483555;21.6459839
47.5448448;21.6433179
47.5419680;21.6411355
47.5387835;21.6386971
47.5368968;21.6373454
47.5349888;21.6341056
47.5333312;21.6295639
47.5346332;21.6227630
47.5326999;21.6204719
47.5303247;21.6178966
47.5297742;21.6148400
47.5294017;21.6078912
47.5287893;21.6043387
47.5270000;21.5980880
47.5214050;21.5986480
47.5178574;21.5991414
47.5140893;21.6000592
21 (Nyugati Ipari Park - Nagyállomás)
47.5457560;21.5706730
47.5444286;21.5741359
47.5411519;21.5729781
47.5398886;21.5805441
47.5444750;21.5813224
47.5425103;21.5939254
47.5421064;21.6021448
47.5415421;21.6113488
47.5412497;21.6186447
47.5414502;21.6235993
47.5398295;21.6324956
47.5331682;21.6394447
47.5288392;21.6385828
47.5260564;21.6368048
47.5217818;21.6286976
23 (Júlia-telep - Júlia-telep)
47.5556276;21.6598440
47.5533555;21.6595643
47.5509490;21.6590840
47.5496272;21.6604097
47.5478049;21.6559304
47.5466089;21.6521401
47.5446499;21.6459100
47.5444263;21.6432643
47.5468785;21.6439924
47.5482559;21.6404201
47.5449483;21.6331962
47.5421338;21.6281790
47.5416425;21.6230432
47.5420264;21.6176381
47.5459119;21.6177600
47.5491367;21.6155856
47.5506227;21.6215330
47.5455741;21.6216588
47.5414502;21.6235993
47.5420300;21.6282680
47.5443574;21.6322424
47.5468627;21.6388517
47.5450438;21.6422156
47.5447365;21.6464514
47.5468914;21.6533609
47.5483807;21.6580043
47.5496219;21.6607687
47.5532313;21.6643679
47.5556276;21.6598440
22Y (Vincellér utca - Vincellér utca)
47.5148999;21.6009647
47.5161238;21.6045189
47.5207620;21.6068378
47.5244389;21.6074442
47.5271105;21.6079348
47.5295438;21.6101529
47.5332907;21.6117218
47.5361109;21.6119774
47.5380789;21.6112229
47.5426875;21.6097827
47.5462590;21.6097664
47.5495640;21.6098290
47.5547955;21.6129141
47.5568134;21.6156010
47.5611557;21.6232978
47.5608882;21.6304673
47.5567968;21.6305126
47.5577374;21.6444495
47.5523138;21.6489999
47.5483555;21.6459839
47.5448448;21.6433179
47.5419680;21.6411355
47.5387835;21.6386971
47.5368968;21.6373454
47.5349888;21.6341056
47.5333312;21.6295639
47.5346332;21.6227630
47.5326999;21.6204719
47.5303247;21.6178966
47.5297742;21.6148400
47.5294017;21.6078912
47.5287893;21.6043387
47.5270000;21.5980880
47.5214050;21.5986480
47.5178574;21.5991414
47.5140893;21.6000592
23Y (Doberdó utca - Veres Péter utca)
47.5571747;21.6109874
47.5557233;21.6151241
47.5535927;21.6188686
47.5486237;21.6311349
47.5484423;21.6360122
47.5482559;21.6404201
47.5468627;21.6388517
47.5450438;21.6422156
47.5447365;21.6464514
47.5468914;21.6533609
47.5483807;21.6580043
47.5496219;21.6607687
47.5500382;21.6668372
47.5498327;21.6714520
47.5457567;21.6713416
47.5417292;21.6713177
47.5404372;21.6712531
23Y (Veres Péter utca - Doberdó utca)
47.5404372;21.6712531
47.5421718;21.6714271
47.5469700;21.6714738
47.5497393;21.6715479
47.5500937;21.6655472
47.5496272;21.6604097
47.5478049;21.6559304
47.5466089;21.6521401
47.5446499;21.6459100
47.5444263;21.6432643
47.5468785;21.6439924
47.5485627;21.6366824
47.5489774;21.6297739
47.5533720;21.6194769
47.5567060;21.6138265
47.5576380;21.6111691
24Y (Vincellér utca - Vincellér utca)
47.5154410;21.5996939
47.5190736;21.5991626
47.5225205;21.5986964
47.5276982;21.5989861
47.5286880;21.6047145
47.5295438;21.6101529
47.5289299;21.6131069
47.5306454;21.6197460
47.5335232;21.6206378
47.5344298;21.6218222
47.5343431;21.6268664
47.5330185;21.6307715
47.5347715;21.6340519
47.5364561;21.6371105
47.5389503;21.6391180
47.5413464;21.6409010
47.5444263;21.6432643
47.5490789;21.6467963
47.5523321;21.6493278
47.5537763;21.6487053
47.5585794;21.6441245
47.5566514;21.6307196
47.5612807;21.6300845
47.5612762;21.6231318
47.5557185;21.6136936
47.5516008;21.6095178
47.5485346;21.6095046
47.5454698;21.6094946
47.5410805;21.6098440
47.5390779;21.6105682
47.5336560;21.6115704
47.5288070;21.6083916
47.5261770;21.6075497
47.5244821;21.6073008
47.5195969;21.6064583
47.5156923;21.6028255
47.5140893;21.6000592
24 (Vincellér utca - Vincellér utca)
47.5154410;21.5996939
47.5190736;21.5991626
47.5225205;21.5986964
47.5276982;21.5989861
47.5286880;21.6047145
47.5295438;21.6101529
47.5289299;21.6131069
47.5306454;21.6197460
47.5335232;21.6206378
47.5344298;21.6218222
47.5343431;21.6268664
47.5330185;21.6307715
47.5347715;21.6340519
47.5364561;21.6371105
47.5389503;21.6391180
47.5413464;21.6409010
47.5444263;21.6432643
47.5490789;21.6467963
47.5523321;21.6493278
47.5537763;21.6487053
47.5585794;21.6441245
47.5562202;21.6282448
47.5533720;21.6194769
47.5557185;21.6136936
47.5516008;21.6095178
47.5485346;21.6095046
47.5454698;21.6094946
47.5410805;21.6098440
47.5390779;21.6105682
47.5336560;21.6115704
47.5288070;21.6083916
47.5261770;21.6075497
47.5244821;21.6073008
47.5195969;21.6064583
47.5156923;21.6028255
47.5140893;21.6000592
25 (Vincellér utca - Veres Péter utca)
47.5154410;21.5996939
47.5190736;21.5991626
47.5225205;21.5986964
47.5276982;21.5989861
47.5286880;21.6047145
47.5295438;21.6101529
47.5287403;21.6133022
47.5264905;21.6188084
47.5292494;21.6284931
47.5301997;21.6331343
47.5296712;21.6401416
47.5287998;21.6506497
47.5288837;21.6551857
47.5297783;21.6617181
47.5301012;21.6668193
47.5310269;21.6713079
47.5352856;21.6713719
47.5393332;21.6714245
18 (Széna tér - Nagyállomás)
47.4967625;21.6621492
47.4960485;21.6560619
47.4958859;21.6534158
47.4977255;21.6497147
47.5008972;21.6492909
47.5065325;21.6496224
47.5103955;21.6419881
47.5133047;21.6373084
47.5153841;21.6340190
47.5179304;21.6311535
47.5217818;21.6286976
17A (Segner tér - Műanyaggyár)
47.5289299;21.6131069
47.5294017;21.6078912
47.5287893;21.6043387
47.5278833;21.5987868
47.5273429;21.5957602
47.5275055;21.5874379
47.5283837;21.5832194
47.5296865;21.5766114
47.5306764;21.5716090
47.5328539;21.5628047
18 (Nagyállomás - Széna tér)
47.5213146;21.6286008
47.5167300;21.6315000
47.5144222;21.6352442
47.5123707;21.6384353
47.5095831;21.6431702
47.5063060;21.6496537
47.5038733;21.6546915
47.5011692;21.6603853
47.4994697;21.6639464
47.4970001;21.6678073
47.4967625;21.6621492
18Y (Széna tér - Nagyállomás)
47.4967625;21.6621492
47.4977685;21.6678240
47.5001036;21.6628869
47.5018473;21.6592495
47.5045312;21.6536201
47.5050420;21.6459594
47.5075242;21.6420434
47.5088724;21.6399393
47.5132548;21.6330850
47.5157100;21.6294700
47.5179304;21.6311535
47.5217818;21.6286976
18Y (Nagyállomás - Széna tér)
47.5213146;21.6286008
47.5171284;21.6300191
47.5129649;21.6334256
47.5097479;21.6384495
47.5063964;21.6436690
47.5044048;21.6468101
47.5021390;21.6490106
47.4979356;21.6495478
47.4958191;21.6538270
47.4960094;21.6571260
47.4967625;21.6621492
19 (Sámsoni út - Jégcsarnok)
47.5583423;21.6723226
47.5532313;21.6643679
47.5556276;21.6598440
47.5533555;21.6595643
47.5509490;21.6590840
47.5496272;21.6604097
47.5478049;21.6559304
47.5456331;21.6530208
47.5421031;21.6538524
47.5366755;21.6533408
47.5338836;21.6526520
47.5350604;21.6476750
47.5363871;21.6414477
47.5331682;21.6394447
47.5300861;21.6381609
47.5295260;21.6287120
47.5283418;21.6254711
47.5259280;21.6248847
47.5226185;21.6184650
47.5192332;21.6125581
47.5173254;21.6095738
47.5156923;21.6028255
47.5154410;21.5996939
47.5190736;21.5991626
47.5225205;21.5986964
47.5254500;21.5992610
19 (Jégcsarnok - Sámsoni út)
47.5249146;21.5988005
47.5214050;21.5986480
47.5178574;21.5991414
47.5148999;21.6009647
47.5161238;21.6045189
47.5167202;21.6089434
47.5197551;21.6142119
47.5218750;21.6178987
47.5264905;21.6188084
47.5292494;21.6284931
47.5301997;21.6331343
47.5315621;21.6400009
47.5362492;21.6413078
47.5352608;21.6463339
47.5340364;21.6534514
47.5374135;21.6536569
47.5414993;21.6543317
47.5468914;21.6533609
47.5483807;21.6580043
47.5496219;21.6607687
47.5534440;21.6657194
47.5581285;21.6720203
13 (Segner tér - Pallag)
47.5289299;21.6131069
47.5306454;21.6197460
47.5335232;21.6206378
47.5384518;21.6220940
47.5421073;21.6220064
47.5465361;21.6218678
47.5498485;21.6217175
47.5534021;21.6238440
47.5559901;21.6285604
47.5566514;21.6307196
47.5615306;21.6307168
47.5647000;21.6307131
47.5741732;21.6307167
47.5782600;21.6307300
47.5866700;21.6307800
47.5943701;21.6413839
47.5965074;21.6456446
TESCO (Bevásárlóközpont - Bevásárlóközpont)
47.5035987;21.6292377
47.5073419;21.6304745
47.5090993;21.6302488
47.5157100;21.6294700
47.5179304;21.6311535
47.5279948;21.6320997
47.5301997;21.6331343
47.5296712;21.6401416
47.5287998;21.6506497
47.5288837;21.6551857
47.5297783;21.6617181
47.5279066;21.6628858
47.5242636;21.6702234
47.5221697;21.6711110
47.5170244;21.6677634
47.5135041;21.6654921
47.5127191;21.6642244
47.5147998;21.6556195
47.5065699;21.6508529
47.5050420;21.6459594
47.5075242;21.6420434
47.5088724;21.6399393
47.5132548;21.6330850
47.5144809;21.6292393
47.5088863;21.6299382
47.5063136;21.6302746
47.5037184;21.6292157
15 (Doberdó utca - Széna tér)
47.5571747;21.6109874
47.5557233;21.6151241
47.5535927;21.6188686
47.5511235;21.6196507
47.5482902;21.6151485
47.5460475;21.6174814
47.5402593;21.6170269
47.5355141;21.6177195
47.5344298;21.6218222
47.5343431;21.6268664
47.5320616;21.6303428
47.5292065;21.6314568
47.5272831;21.6328827
47.5263006;21.6383678
47.5234795;21.6452854
47.5217286;21.6506881
47.5207018;21.6551427
47.5183288;21.6581155
47.5147998;21.6556195
47.5065699;21.6508529
47.5038733;21.6546915
47.5011692;21.6603853
47.4994697;21.6639464
47.4970001;21.6678073
47.4967625;21.6621492
15 (Széna tér - Doberdó utca)
47.4967625;21.6621492
47.4960485;21.6560619
47.4958859;21.6534158
47.4977255;21.6497147
47.5008972;21.6492909
47.5068264;21.6512055
47.5148625;21.6564033
47.5199697;21.6579509
47.5212766;21.6533730
47.5223335;21.6491241
47.5237565;21.6449719
47.5273858;21.6366642
47.5279948;21.6320997
47.5307452;21.6314531
47.5333312;21.6295639
47.5346332;21.6227630
47.5352729;21.6181047
47.5391561;21.6173176
47.5420264;21.6176381
47.5459119;21.6177600
47.5491367;21.6155856
47.5533720;21.6194769
47.5567060;21.6138265
47.5576380;21.6111691
15Y (Doberdó utca - Lahner utca)
47.5571747;21.6109874
47.5557233;21.6151241
47.5535927;21.6188686
47.5511235;21.6196507
47.5482902;21.6151485
47.5460475;21.6174814
47.5402593;21.6170269
47.5355141;21.6177195
47.5344298;21.6218222
47.5343431;21.6268664
47.5320616;21.6303428
47.5292065;21.6314568
47.5272831;21.6328827
47.5263006;21.6383678
47.5234795;21.6452854
47.5217286;21.6506881
47.5207018;21.6551427
47.5183288;21.6581155
47.5147998;21.6556195
47.5124511;21.6645894
47.5133500;21.6655100
15Y (Lahner utca - Doberdó utca)
47.5133500;21.6655100
47.5183828;21.6687713
47.5224120;21.6713947
47.5246945;21.6693959
47.5270987;21.6635979
47.5287603;21.6601642
47.5250598;21.6596930
47.5199697;21.6579509
47.5212766;21.6533730
47.5223335;21.6491241
47.5237565;21.6449719
47.5273858;21.6366642
47.5279948;21.6320997
47.5307452;21.6314531
47.5333312;21.6295639
47.5346332;21.6227630
47.5352729;21.6181047
47.5391561;21.6173176
47.5420264;21.6176381
47.5459119;21.6177600
47.5491367;21.6155856
47.5533720;21.6194769
47.5567060;21.6138265
47.5576380;21.6111691
16 (Gyógyszergyár - Nagyállomás)
47.5641193;21.6307858
47.5608882;21.6304673
47.5567968;21.6305126
47.5482559;21.6404201
47.5468627;21.6388517
47.5450438;21.6422156
47.5419680;21.6411355
47.5387835;21.6386971
47.5331682;21.6394447
47.5288392;21.6385828
47.5260564;21.6368048
47.5217818;21.6286976
16 (Nagyállomás - Gyógyszergyár)
47.5207620;21.6284134
47.5240962;21.6354709
47.5279793;21.6384271
47.5315621;21.6400009
47.5389503;21.6391180
47.5413464;21.6409010
47.5444263;21.6432643
47.5468785;21.6439924
47.5566514;21.6307196
47.5615306;21.6307168
47.5641193;21.6307858
17 (Segner tér - Ondód)
47.5289299;21.6131069
47.5294017;21.6078912
47.5287893;21.6043387
47.5278833;21.5987868
47.5273429;21.5957602
47.5275055;21.5874379
47.5283837;21.5832194
47.5296865;21.5766114
47.5306764;21.5716090
47.5328539;21.5628047
47.5352400;21.5405400
47.5366200;21.5205100
47.5371709;21.5126511
47.5378214;21.5032200
47.5383265;21.4961627
47.5386574;21.4911400
47.5392065;21.4858783
17 (Ondód - Segner tér)
47.5392065;21.4858783
47.5385974;21.4912446
47.5381696;21.4971900
47.5377323;21.5036085
47.5371280;21.5122885
47.5364893;21.5212148
47.5352266;21.5397186
47.5328539;21.5628047
47.5304407;21.5723579
47.5291719;21.5787442
47.5278473;21.5850160
47.5270241;21.5949378
47.5276982;21.5989861
47.5286880;21.6047145
47.5295438;21.6101529
47.5285507;21.6126645
17A (Műanyaggyár - Segner tér)
47.5328539;21.5628047
47.5304407;21.5723579
47.5291719;21.5787442
47.5278473;21.5850160
47.5270241;21.5949378
47.5276982;21.5989861
47.5286880;21.6047145
47.5295438;21.6101529
47.5285507;21.6126645
10Y (Nagyállomás - IT Services Hungary Kft.)
47.5207620;21.6284134
47.5234552;21.6269495
47.5276918;21.6261489
47.5280359;21.6219682
47.5264621;21.6181517
47.5286680;21.6141683
47.5306454;21.6197460
47.5335232;21.6206378
47.5384518;21.6220940
47.5421073;21.6220064
47.5465361;21.6218678
47.5498485;21.6217175
47.5534021;21.6238440
47.5559901;21.6285604
47.5566514;21.6307196
47.5615306;21.6307168
47.5641193;21.6307858
47.5612807;21.6300845
47.5612762;21.6231318
47.5567060;21.6138265
47.5576380;21.6111691
47.5556653;21.6005905
47.5557475;21.5977508
47.5559167;21.5883487
10Y (IT Services Hungary Kft. - Nagyállomás, toronyház)
47.5559167;21.5883487
47.5557475;21.5977508
47.5555655;21.6009324
47.5561347;21.6074814
47.5571747;21.6109874
47.5568134;21.6156010
47.5611557;21.6232978
47.5615306;21.6307168
47.5641193;21.6307858
47.5608882;21.6304673
47.5567968;21.6305126
47.5562202;21.6282448
47.5506227;21.6215330
47.5455741;21.6216588
47.5408630;21.6217590
47.5372140;21.6219347
47.5326999;21.6204719
47.5303247;21.6178966
47.5288778;21.6126797
47.5264905;21.6188084
47.5283418;21.6254711
47.5229953;21.6267021
47.5210740;21.6271250
11 (Kenézy Gyula Kórház - Borzán Gáspár utca)
47.5343954;21.6083423
47.5340611;21.6128377
47.5341339;21.6176192
47.5344298;21.6218222
47.5343431;21.6268664
47.5330185;21.6307715
47.5347715;21.6340519
47.5364561;21.6371105
47.5389503;21.6391180
47.5413464;21.6409010
47.5447365;21.6464514
47.5468914;21.6533609
47.5483807;21.6580043
47.5496219;21.6607687
47.5500382;21.6668372
47.5498327;21.6714520
47.5457567;21.6713416
47.5417292;21.6713177
47.5404372;21.6712531
47.5343647;21.6711500
47.5311299;21.6745779
47.5301446;21.6652728
47.5287603;21.6601642
47.5250598;21.6596930
47.5183288;21.6581155
47.5147998;21.6556195
AU1 (AUCHAN Áruház - MÁV-rendelő)
47.5413917;21.5855799
47.5425103;21.5939254
47.5415421;21.6113488
47.5412497;21.6186447
47.5414502;21.6235993
47.5398295;21.6324956
47.5331682;21.6394447
47.5288392;21.6385828
47.5260564;21.6368048
47.5217818;21.6286976
47.5217263;21.6228288
11 (Borzán Gáspár utca - Kenézy Gyula Kórház)
47.5148625;21.6564033
47.5189240;21.6586747
47.5248498;21.6598026
47.5297783;21.6617181
47.5301012;21.6668193
47.5310269;21.6713079
47.5352856;21.6713719
47.5393332;21.6714245
47.5421718;21.6714271
47.5469700;21.6714738
47.5497393;21.6715479
47.5500937;21.6655472
47.5496272;21.6604097
47.5478049;21.6559304
47.5466089;21.6521401
47.5446499;21.6459100
47.5419680;21.6411355
47.5387835;21.6386971
47.5368968;21.6373454
47.5349888;21.6341056
47.5333312;21.6295639
47.5346332;21.6227630
47.5343423;21.6174991
47.5344173;21.6106131
47.5350043;21.6070679
AU2 (AUCHAN Áruház - Árpád Vezér Általános Iskola)
47.5413917;21.5855799
47.5425103;21.5939254
47.5426875;21.6097827
47.5462590;21.6097664
47.5495640;21.6098290
47.5547955;21.6129141
47.5576380;21.6111691
47.5552790;21.6069941
11 (IT Services Hungary Kft. - Borzán Gáspár utca)
47.5559167;21.5883487
47.5551441;21.5971513
47.5492253;21.5977937
47.5449110;21.5993120
47.5392891;21.6030577
47.5378102;21.6039787
47.5343954;21.6083423
47.5340611;21.6128377
47.5341339;21.6176192
47.5344298;21.6218222
47.5343431;21.6268664
47.5330185;21.6307715
47.5347715;21.6340519
47.5364561;21.6371105
47.5389503;21.6391180
47.5413464;21.6409010
47.5447365;21.6464514
47.5468914;21.6533609
47.5483807;21.6580043
47.5496219;21.6607687
47.5500382;21.6668372
47.5498327;21.6714520
47.5457567;21.6713416
47.5417292;21.6713177
47.5404372;21.6712531
47.5343647;21.6711500
47.5311299;21.6745779
47.5301446;21.6652728
47.5287603;21.6601642
47.5250598;21.6596930
47.5183288;21.6581155
47.5147998;21.6556195
GGY (Campus - Gáspárkert utca)
47.5450438;21.6422156
47.5419680;21.6411355
47.5387835;21.6386971
47.5362492;21.6413078
47.5352608;21.6463339
47.5340364;21.6534514
47.5374135;21.6536569
47.5414993;21.6543317
47.5468914;21.6533609
47.5483807;21.6580043
47.5496219;21.6607687
47.5534440;21.6657194
47.5628987;21.6761759
47.5671310;21.6855071
47.5732159;21.6873226
47.5764468;21.6870833
47.5809423;21.6867220
47.5837462;21.6864848
47.5853752;21.6863801
11 (Borzán Gáspár utca - IT Services Hungary Kft.)
47.5148625;21.6564033
47.5189240;21.6586747
47.5248498;21.6598026
47.5297783;21.6617181
47.5301012;21.6668193
47.5310269;21.6713079
47.5352856;21.6713719
47.5393332;21.6714245
47.5421718;21.6714271
47.5469700;21.6714738
47.5497393;21.6715479
47.5500937;21.6655472
47.5496272;21.6604097
47.5478049;21.6559304
47.5466089;21.6521401
47.5446499;21.6459100
47.5419680;21.6411355
47.5387835;21.6386971
47.5368968;21.6373454
47.5349888;21.6341056
47.5333312;21.6295639
47.5346332;21.6227630
47.5343423;21.6174991
47.5344173;21.6106131
47.5350043;21.6070679
47.5379924;21.6039785
47.5394944;21.6030257
47.5471080;21.5982126
47.5550943;21.5972711
47.5559167;21.5883487
AU1 (MÁV-rendelő - AUCHAN Áruház)
47.5215606;21.6249026
47.5215822;21.6280664
47.5240962;21.6354709
47.5279793;21.6384271
47.5315621;21.6400009
47.5401850;21.6317970
47.5416425;21.6230432
47.5414199;21.6162577
47.5419238;21.6081850
47.5429930;21.5920239
47.5413917;21.5855799
15Y (Doberdó utca - Lahner utca)
47.5571747;21.6109874
47.5557233;21.6151241
47.5535927;21.6188686
47.5511235;21.6196507
47.5486704;21.6140003
47.5454698;21.6094946
47.5410805;21.6098440
47.5390779;21.6105682
47.5341339;21.6176192
47.5344298;21.6218222
47.5343431;21.6268664
47.5320616;21.6303428
47.5292065;21.6314568
47.5272831;21.6328827
47.5263006;21.6383678
47.5234795;21.6452854
47.5217286;21.6506881
47.5207018;21.6551427
47.5183288;21.6581155
47.5147998;21.6556195
47.5150974;21.6571000
47.5124511;21.6645894
47.5133500;21.6655100
12 (Auguszta - Vincellér utca)
47.5612762;21.6231318
47.5557233;21.6151241
47.5535927;21.6188686
47.5511235;21.6196507
47.5482902;21.6151485
47.5460475;21.6174814
47.5402593;21.6170269
47.5355141;21.6177195
47.5343423;21.6174991
47.5336560;21.6115704
47.5294017;21.6078912
47.5287893;21.6043387
47.5270000;21.5980880
47.5214050;21.5986480
47.5178574;21.5991414
47.5140893;21.6000592
A1 (Doberdó utca - Repülőtér, Terminál)
47.5571747;21.6109874
47.5534021;21.6238440
47.5559901;21.6285604
47.5468627;21.6388517
47.5485627;21.6366824
47.5489774;21.6297739
47.5455741;21.6216588
47.5344298;21.6218222
47.5343431;21.6268664
47.5280359;21.6219682
47.5264621;21.6181517
47.5207620;21.6284134
47.4914646;21.6089778
23 (Júlia-telep - Júlia-telep)
47.5556276;21.6598440
47.5533555;21.6595643
47.5509490;21.6590840
47.5496272;21.6604097
47.5478049;21.6559304
47.5466089;21.6521401
47.5446499;21.6459100
47.5444263;21.6432643
47.5468785;21.6439924
47.5482559;21.6404201
47.5449483;21.6331962
47.5421338;21.6281790
47.5416425;21.6230432
47.5414199;21.6162577
47.5491367;21.6155856
47.5506227;21.6215330
47.5455741;21.6216588
47.5414502;21.6235993
47.5420300;21.6282680
47.5443574;21.6322424
47.5468627;21.6388517
47.5450438;21.6422156
47.5447365;21.6464514
47.5468914;21.6533609
47.5483807;21.6580043
47.5496219;21.6607687
47.5532313;21.6643679
47.5556276;21.6598440
11A (Károli Gáspár utca - Hatvan utca)
47.5551441;21.5971513
47.5492253;21.5977937
47.5449110;21.5993120
47.5392891;21.6030577
47.5378102;21.6039787
47.5343954;21.6083423
47.5340611;21.6128377
47.5341339;21.6176192
47.5326999;21.6204719
47.5303247;21.6178966
47.5297742;21.6148400
GGY (Gáspárkert utca - Főnix Csarnok)
47.5853752;21.6863801
47.5878745;21.6870561
47.5904600;21.6876300
47.5916474;21.6831412
47.5924416;21.6785028
47.5887297;21.6746795
47.5711959;21.6760325
47.5679218;21.6766178
47.5654773;21.6783240
47.5625600;21.6754900
47.5527744;21.6646352
47.5496272;21.6604097
47.5456331;21.6530208
47.5421031;21.6538524
47.5366755;21.6533408
47.5338836;21.6526520
47.5350604;21.6476750
47.5363871;21.6414477
47.5389503;21.6391180
47.5413464;21.6409010
47.5444263;21.6432643
13 (Pallag - Segner tér)
47.5965074;21.6456446
47.5945687;21.6415522
47.5867200;21.6306800
47.5786100;21.6306200
47.5742322;21.6306103
47.5641722;21.6305481
47.5608882;21.6304673
47.5567968;21.6305126
47.5562202;21.6282448
47.5506227;21.6215330
47.5455741;21.6216588
47.5408630;21.6217590
47.5372140;21.6219347
47.5326999;21.6204719
47.5303247;21.6178966
47.5288778;21.6126797
12 (Vincellér utca - Auguszta)
47.5154410;21.5996939
47.5190736;21.5991626
47.5225205;21.5986964
47.5276982;21.5989861
47.5286880;21.6047145
47.5295438;21.6101529
47.5340611;21.6128377
47.5352729;21.6181047
47.5391561;21.6173176
47.5420264;21.6176381
47.5459119;21.6177600
47.5491367;21.6155856
47.5534021;21.6238440
47.5559901;21.6285604
47.5566514;21.6307196
47.5615306;21.6307168
47.5641193;21.6307858
47.5612807;21.6300845
47.5612762;21.6231318
A1 (Repülőtér, Terminál - Doberdó utca)
47.4914646;21.6089778
47.5207620;21.6284134
47.5280359;21.6219682
47.5264621;21.6181517
47.5344298;21.6218222
47.5343431;21.6268664
47.5444263;21.6432643
47.5485627;21.6366824
47.5489774;21.6297739
47.5534021;21.6238440
47.5559901;21.6285604
47.5612762;21.6231318
47.5576380;21.6111691
46Y (Nagyállomás - Határ út)
47.5210555;21.6288382
47.5217263;21.6228288
47.5243447;21.6190393
47.5266448;21.6165501
47.5286680;21.6141683
47.5294017;21.6078912
47.5287893;21.6043387
47.5278833;21.5987868
47.5273429;21.5957602
47.5275055;21.5874379
47.5283837;21.5832194
47.5260567;21.5798277
47.5218496;21.5796977
47.5223941;21.5739157
47.5244502;21.5698719
47.5221071;21.5749499
47.5209095;21.5796740
47.5170469;21.5795834
47.5120423;21.5794105
47.5076001;21.5792697
46Y (Határ út - Nagyállomás, toronyház)
47.5072741;21.5793745
47.5123150;21.5795282
47.5165128;21.5796620
47.5206421;21.5797833
47.5223941;21.5739157
47.5244502;21.5698719
47.5221071;21.5749499
47.5223688;21.5798593
47.5266991;21.5799586
47.5278473;21.5850160
47.5270241;21.5949378
47.5276982;21.5989861
47.5286880;21.6047145
47.5295438;21.6101529
47.5293398;21.6124706
47.5255004;21.6173549
47.5227710;21.6201958
47.5215606;21.6249026
47.5210740;21.6271250
47 (Vadász utca - Nagyállomás)
47.4999715;21.6108564
47.5030365;21.6097272
47.5059758;21.6101476
47.5080419;21.6098016
47.5095646;21.6138537
47.5099136;21.6176880
47.5105077;21.6228203
47.5111921;21.6272021
47.5157100;21.6294700
47.5179304;21.6311535
47.5217818;21.6286976
47 (Nagyállomás - Vadász utca)
47.5213146;21.6286008
47.5171284;21.6300191
47.5144134;21.6285420
47.5115895;21.6277995
47.5107701;21.6235294
47.5100399;21.6184852
47.5096902;21.6141283
47.5080085;21.6096767
47.5058948;21.6100562
47.5027445;21.6096478
47.4999715;21.6108564
47Y (Vadász utca - Nagyállomás)
47.4999715;21.6108564
47.5030365;21.6097272
47.5059758;21.6101476
47.5080419;21.6098016
47.5095646;21.6138537
47.5099136;21.6176880
47.5105077;21.6228203
47.5111921;21.6272021
47.5053950;21.6262000
47.5035987;21.6292377
47.5043387;21.6308272
47.5073419;21.6304745
47.5090993;21.6302488
47.5157100;21.6294700
47.5179304;21.6311535
47.5217818;21.6286976
47Y (Nagyállomás - Vadász utca)
47.5213146;21.6286008
47.5171284;21.6300191
47.5144809;21.6292393
47.5088863;21.6299382
47.5063136;21.6302746
47.5037184;21.6292157
47.5056226;21.6263886
47.5107701;21.6235294
47.5100399;21.6184852
47.5096902;21.6141283
47.5080085;21.6096767
47.5058948;21.6100562
47.5027445;21.6096478
47.4999715;21.6108564
48 (Pac - Nagyállomás)
47.4923311;21.6726662
47.4977685;21.6678240
47.5001036;21.6628869
47.5018473;21.6592495
47.5045312;21.6536201
47.5065325;21.6496224
47.5105145;21.6429446
47.5133917;21.6444297
47.5165614;21.6458828
47.5175572;21.6394428
47.5183300;21.6341900
47.5217818;21.6286976
48 (Nagyállomás - Pac)
47.5213146;21.6286008
47.5183100;21.6336700
47.5173866;21.6396772
47.5170291;21.6429160
47.5159085;21.6463046
47.5136819;21.6444755
47.5095831;21.6431702
47.5063060;21.6496537
47.5038733;21.6546915
47.5011692;21.6603853
47.4994697;21.6639464
47.4969839;21.6692039
47.4921926;21.6723998
51E (Doberdó utca - Doberdó utca)
47.5571747;21.6109874
47.5535927;21.6188686
47.5534021;21.6238440
47.5559901;21.6285604
47.5450438;21.6422156
47.5562202;21.6282448
47.5533720;21.6194769
47.5576380;21.6111691
43 (Nagyállomás - Kishatár utca)
47.5210555;21.6288382
47.5240962;21.6354709
47.5279793;21.6384271
47.5308681;21.6405825
47.5318389;21.6428168
47.5349155;21.6441412
47.5363871;21.6414477
47.5368968;21.6373454
47.5349888;21.6341056
47.5333312;21.6295639
47.5346332;21.6227630
47.5343423;21.6174991
47.5344173;21.6106131
47.5346753;21.6062508
47.5349262;21.6003950
47.5352141;21.5936342
47.5352970;21.5910292
47.5290563;21.5891857
47.5275055;21.5874379
47.5285304;21.5842673
47.5314041;21.5820221
47.5344434;21.5806770
47.5398886;21.5805441
47.5413200;21.5803543
45 (Kondorosi Csárda - Vincellér utca)
47.5313849;21.6854156
47.5311847;21.6818884
47.5309111;21.6776652
47.5311299;21.6745779
47.5301446;21.6652728
47.5294825;21.6594585
47.5290542;21.6536058
47.5289897;21.6493407
47.5300861;21.6381609
47.5295260;21.6287120
47.5280359;21.6219682
47.5264621;21.6181517
47.5286680;21.6141683
47.5288070;21.6083916
47.5261770;21.6075497
47.5244821;21.6073008
47.5195969;21.6064583
47.5156923;21.6028255
47.5140893;21.6000592
44 (Nagyállomás - Nagyállomás)
47.5213146;21.6286008
47.5171284;21.6300191
47.5144809;21.6292393
47.5088863;21.6299382
47.5063136;21.6302746
47.5031483;21.6306210
47.4992009;21.6311471
47.4963982;21.6363165
47.4995888;21.6372370
47.5029908;21.6367828
47.5071420;21.6355560
47.5073419;21.6304745
47.5090993;21.6302488
47.5157100;21.6294700
47.5179304;21.6311535
47.5217818;21.6286976
45H (Vincellér utca - Haláp)
47.5148999;21.6009647
47.5161238;21.6045189
47.5207620;21.6068378
47.5244389;21.6074442
47.5271105;21.6079348
47.5295438;21.6101529
47.5293398;21.6124706
47.5264905;21.6188084
47.5292494;21.6284931
47.5301997;21.6331343
47.5296712;21.6401416
47.5287998;21.6506497
47.5288837;21.6551857
47.5297783;21.6617181
47.5301012;21.6668193
47.5304674;21.6722610
47.5307814;21.6772018
47.5310447;21.6815223
47.5313494;21.6860786
47.5316804;21.6920712
47.5310988;21.7034134
47.5301899;21.7096273
47.5288294;21.7218909
47.5269526;21.7379715
47.5248419;21.7579803
47.5256667;21.7754522
47.5273175;21.7992942
47.5284526;21.8156348
47.5287222;21.8243060
45 (Vincellér utca - Kondorosi Csárda)
47.5148999;21.6009647
47.5161238;21.6045189
47.5207620;21.6068378
47.5244389;21.6074442
47.5271105;21.6079348
47.5295438;21.6101529
47.5293398;21.6124706
47.5264905;21.6188084
47.5292494;21.6284931
47.5301997;21.6331343
47.5296712;21.6401416
47.5287998;21.6506497
47.5288837;21.6551857
47.5297783;21.6617181
47.5301012;21.6668193
47.5304674;21.6722610
47.5307814;21.6772018
47.5310447;21.6815223
47.5313494;21.6860786
46 (Határ út - Nagyállomás, toronyház)
47.5072741;21.5793745
47.5123150;21.5795282
47.5165128;21.5796620
47.5206421;21.5797833
47.5223688;21.5798593
47.5266991;21.5799586
47.5278473;21.5850160
47.5270241;21.5949378
47.5276982;21.5989861
47.5286880;21.6047145
47.5295438;21.6101529
47.5293398;21.6124706
47.5255004;21.6173549
47.5227710;21.6201958
47.5215606;21.6249026
47.5210740;21.6271250
45H (Haláp - Vincellér utca)
47.5287222;21.8243060
47.5284641;21.8146398
47.5273316;21.7981978
47.5257031;21.7745335
47.5250278;21.7575153
47.5270695;21.7379985
47.5290036;21.7214310
47.5301899;21.7096273
47.5311786;21.7036947
47.5317318;21.6905422
47.5313849;21.6854156
47.5311847;21.6818884
47.5309111;21.6776652
47.5311299;21.6745779
47.5301446;21.6652728
47.5294825;21.6594585
47.5290542;21.6536058
47.5289897;21.6493407
47.5300861;21.6381609
47.5295260;21.6287120
47.5280359;21.6219682
47.5264621;21.6181517
47.5286680;21.6141683
47.5288070;21.6083916
47.5261770;21.6075497
47.5244821;21.6073008
47.5195969;21.6064583
47.5156923;21.6028255
47.5140893;21.6000592
46E (Inter Tan-Ker Zrt, - Nagyállomás, toronyház)
47.5244502;21.5698719
47.5221071;21.5749499
47.5223688;21.5798593
47.5278473;21.5850160
47.5276982;21.5989861
47.5286880;21.6047145
47.5293398;21.6124706
47.5255004;21.6173549
47.5210740;21.6271250
46 (Nagyállomás - Határ út)
47.5210555;21.6288382
47.5217263;21.6228288
47.5243447;21.6190393
47.5266448;21.6165501
47.5286680;21.6141683
47.5294017;21.6078912
47.5287893;21.6043387
47.5278833;21.5987868
47.5273429;21.5957602
47.5275055;21.5874379
47.5283837;21.5832194
47.5260567;21.5798277
47.5218496;21.5796977
47.5209095;21.5796740
47.5170469;21.5795834
47.5120423;21.5794105
47.5076001;21.5792697
46E (Nagyállomás - Inter Tan-Ker Zrt,)
47.5210555;21.6288382
47.5266448;21.6165501
47.5286680;21.6141683
47.5287893;21.6043387
47.5278833;21.5987868
47.5283837;21.5832194
47.5218496;21.5796977
47.5223941;21.5739157
47.5244502;21.5698719
AU2 (Árpád Vezér Általános Iskola - AUCHAN Áruház)
47.5552790;21.6069941
47.5516008;21.6095178
47.5485346;21.6095046
47.5454698;21.6094946
47.5419238;21.6081850
47.5429930;21.5920239
47.5413917;21.5855799
10 (Nagyállomás - IT Services Hungary Kft.)
47.5207620;21.6284134
47.5234552;21.6269495
47.5276918;21.6261489
47.5280359;21.6219682
47.5264621;21.6181517
47.5286680;21.6141683
47.5306454;21.6197460
47.5335232;21.6206378
47.5384518;21.6220940
47.5421073;21.6220064
47.5465361;21.6218678
47.5498485;21.6217175
47.5534021;21.6238440
47.5559901;21.6285604
47.5566514;21.6307196
47.5612807;21.6300845
47.5612762;21.6231318
47.5567060;21.6138265
47.5576380;21.6111691
47.5556653;21.6005905
47.5557475;21.5977508
47.5559167;21.5883487
10 (IT Services Hungary Kft. - Nagyállomás, toronyház)
47.5559167;21.5883487
47.5557475;21.5977508
47.5555655;21.6009324
47.5561347;21.6074814
47.5571747;21.6109874
47.5568134;21.6156010
47.5611557;21.6232978
47.5608882;21.6304673
47.5567968;21.6305126
47.5562202;21.6282448
47.5506227;21.6215330
47.5455741;21.6216588
47.5408630;21.6217590
47.5372140;21.6219347
47.5326999;21.6204719
47.5303247;21.6178966
47.5288778;21.6126797
47.5264905;21.6188084
47.5283418;21.6254711
47.5229953;21.6267021
47.5210740;21.6271250
10A (Nagyállomás - Vezér utca)
47.5207620;21.6284134
47.5234552;21.6269495
47.5276918;21.6261489
47.5280359;21.6219682
47.5264621;21.6181517
47.5286680;21.6141683
47.5306454;21.6197460
47.5335232;21.6206378
47.5384518;21.6220940
47.5421073;21.6220064
47.5465361;21.6218678
47.5498485;21.6217175
47.5534021;21.6238440
47.5559901;21.6285604
47.5566514;21.6307196
47.5612807;21.6300845
47.5612762;21.6231318
47.5567060;21.6138265
47.5576380;21.6111691
47.5556653;21.6005905
47.5557475;21.5977508
10A (Vezér utca - Nagyállomás, toronyház)
47.5557475;21.5977508
47.5555655;21.6009324
47.5561347;21.6074814
47.5571747;21.6109874
47.5568134;21.6156010
47.5611557;21.6232978
47.5608882;21.6304673
47.5567968;21.6305126
47.5562202;21.6282448
47.5506227;21.6215330
47.5455741;21.6216588
47.5408630;21.6217590
47.5372140;21.6219347
47.5326999;21.6204719
47.5303247;21.6178966
47.5288778;21.6126797
47.5264905;21.6188084
47.5283418;21.6254711
47.5229953;21.6267021
47.5210740;21.6271250
42 (Vadász utca - Kishatár utca)
47.4999715;21.6108564
47.5030365;21.6097272
47.5059758;21.6101476
47.5080419;21.6098016
47.5095646;21.6138537
47.5099136;21.6176880
47.5105077;21.6228203
47.5111921;21.6272021
47.5157100;21.6294700
47.5179304;21.6311535
47.5217818;21.6286976
47.5234552;21.6269495
47.5276918;21.6261489
47.5280359;21.6219682
47.5264621;21.6181517
47.5286680;21.6141683
47.5344173;21.6106131
47.5346753;21.6062508
47.5349262;21.6003950
47.5344389;21.5942373
47.5313297;21.5953531
47.5273429;21.5957602
47.5275055;21.5874379
47.5285304;21.5842673
47.5314041;21.5820221
47.5344434;21.5806770
47.5398886;21.5805441
47.5413200;21.5803543
42 (Kishatár utca - Vadász utca)
47.5413200;21.5803543
47.5388570;21.5804370
47.5341929;21.5803994
47.5311288;21.5820972
47.5278473;21.5850160
47.5270241;21.5949378
47.5315785;21.5953728
47.5350247;21.5952381
47.5347044;21.6025257
47.5343954;21.6083423
47.5336560;21.6115704
47.5293398;21.6124706
47.5264905;21.6188084
47.5283418;21.6254711
47.5229953;21.6267021
47.5213146;21.6286008
47.5171284;21.6300191
47.5144134;21.6285420
47.5115895;21.6277995
47.5107701;21.6235294
47.5100399;21.6184852
47.5096902;21.6141283
47.5080085;21.6096767
47.5058948;21.6100562
47.5027445;21.6096478
47.4999715;21.6108564
42Y (Nyugati Ipari Park - Vadász utca)
47.5457560;21.5706730
47.5444286;21.5741359
47.5411519;21.5729781
47.5413200;21.5803543
47.5388570;21.5804370
47.5341929;21.5803994
47.5311288;21.5820972
47.5278473;21.5850160
47.5270241;21.5949378
47.5315785;21.5953728
47.5350247;21.5952381
47.5347044;21.6025257
47.5343954;21.6083423
47.5336560;21.6115704
47.5293398;21.6124706
47.5264905;21.6188084
47.5283418;21.6254711
47.5229953;21.6267021
47.5213146;21.6286008
47.5171284;21.6300191
47.5144134;21.6285420
47.5115895;21.6277995
47.5107701;21.6235294
47.5100399;21.6184852
47.5096902;21.6141283
47.5080085;21.6096767
47.5058948;21.6100562
47.5027445;21.6096478
47.4999715;21.6108564
42Y (Vadász utca - Nyugati Ipari Park)
47.4999715;21.6108564
47.5030365;21.6097272
47.5059758;21.6101476
47.5080419;21.6098016
47.5095646;21.6138537
47.5099136;21.6176880
47.5105077;21.6228203
47.5111921;21.6272021
47.5157100;21.6294700
47.5179304;21.6311535
47.5217818;21.6286976
47.5234552;21.6269495
47.5276918;21.6261489
47.5280359;21.6219682
47.5264621;21.6181517
47.5286680;21.6141683
47.5344173;21.6106131
47.5346753;21.6062508
47.5349262;21.6003950
47.5344389;21.5942373
47.5313297;21.5953531
47.5273429;21.5957602
47.5275055;21.5874379
47.5285304;21.5842673
47.5314041;21.5820221
47.5344434;21.5806770
47.5398886;21.5805441
47.5452151;21.5782216
47.5457560;21.5706730
43 (Kishatár utca - Nagyállomás)
47.5413200;21.5803543
47.5388570;21.5804370
47.5341929;21.5803994
47.5311288;21.5820972
47.5278473;21.5850160
47.5292370;21.5893535
47.5352104;21.5893542
47.5350247;21.5952381
47.5347044;21.6025257
47.5343954;21.6083423
47.5340611;21.6128377
47.5341339;21.6176192
47.5344298;21.6218222
47.5343431;21.6268664
47.5330185;21.6307715
47.5347715;21.6340519
47.5364561;21.6371105
47.5362492;21.6413078
47.5351638;21.6441331
47.5317352;21.6425701
47.5288392;21.6385828
47.5260564;21.6368048
47.5217818;21.6286976
41 (Vincellér utca - Kinizsi Nyomda)
47.5148999;21.6009647
47.5161238;21.6045189
47.5203099;21.6074461
47.5226238;21.6106659
47.5248092;21.6140395
47.5264905;21.6188084
47.5292494;21.6284931
47.5301997;21.6331343
47.5296712;21.6401416
47.5287998;21.6506497
47.5288837;21.6551857
47.5297783;21.6617181
47.5279066;21.6628858
47.5242636;21.6702234
47.5219700;21.6752500
47.5198019;21.6805978
47.5171885;21.6866365
47.5153938;21.6910038
41 (Kinizsi Nyomda - Vincellér utca)
47.5153938;21.6910038
47.5175845;21.6859255
47.5201553;21.6798498
47.5223825;21.6745389
47.5246945;21.6693959
47.5270987;21.6635979
47.5294825;21.6594585
47.5290542;21.6536058
47.5289897;21.6493407
47.5300861;21.6381609
47.5295260;21.6287120
47.5280359;21.6219682
47.5264621;21.6181517
47.5244494;21.6130066
47.5217130;21.6090963
47.5195969;21.6064583
47.5156923;21.6028255
47.5140893;21.6000592
41Y (Diószegi út - Vincellér utca)
47.5122775;21.6642436
47.5133500;21.6655100
47.5183828;21.6687713
47.5224120;21.6713947
47.5246945;21.6693959
47.5270987;21.6635979
47.5294825;21.6594585
47.5290542;21.6536058
47.5289897;21.6493407
47.5300861;21.6381609
47.5295260;21.6287120
47.5280359;21.6219682
47.5264621;21.6181517
47.5244494;21.6130066
47.5217130;21.6090963
47.5195969;21.6064583
47.5156923;21.6028255
47.5140893;21.6000592
41Y (Vincellér utca - Diószegi út)
47.5148999;21.6009647
47.5161238;21.6045189
47.5203099;21.6074461
47.5226238;21.6106659
47.5248092;21.6140395
47.5264905;21.6188084
47.5292494;21.6284931
47.5301997;21.6331343
47.5296712;21.6401416
47.5287998;21.6506497
47.5288837;21.6551857
47.5297783;21.6617181
47.5279066;21.6628858
47.5242636;21.6702234
47.5221697;21.6711110
47.5170244;21.6677634
47.5135041;21.6654921
47.5122775;21.6642436
37 (Nagyállomás - Haláp)
47.5207620;21.6284134
47.5240962;21.6354709
47.5279793;21.6384271
47.5296712;21.6401416
47.5287998;21.6506497
47.5288837;21.6551857
47.5297783;21.6617181
47.5301012;21.6668193
47.5304674;21.6722610
47.5307814;21.6772018
47.5310447;21.6815223
47.5313494;21.6860786
47.5316804;21.6920712
47.5310988;21.7034134
47.5301899;21.7096273
47.5288294;21.7218909
47.5269526;21.7379715
47.5248419;21.7579803
47.5256667;21.7754522
47.5273175;21.7992942
47.5284526;21.8156348
47.5287222;21.8243060
37 (Haláp - Nagyállomás)
47.5287222;21.8243060
47.5284641;21.8146398
47.5273316;21.7981978
47.5257031;21.7745335
47.5250278;21.7575153
47.5270695;21.7379985
47.5290036;21.7214310
47.5301899;21.7096273
47.5311786;21.7036947
47.5317318;21.6905422
47.5313849;21.6854156
47.5311847;21.6818884
47.5309111;21.6776652
47.5311299;21.6745779
47.5301446;21.6652728
47.5294825;21.6594585
47.5290542;21.6536058
47.5289897;21.6493407
47.5288392;21.6385828
47.5260564;21.6368048
47.5217818;21.6286976
39 (Szepes - Nagyállomás, toronyház)
47.4647851;21.5895022
47.4698290;21.5899172
47.4714290;21.5900244
47.4746800;21.5902500
47.4777844;21.5904514
47.5167202;21.6089434
47.5197551;21.6142119
47.5218750;21.6178987
47.5227710;21.6201958
47.5215606;21.6249026
47.5210740;21.6271250
39 (Nagyállomás - Szepes)
47.5210555;21.6288382
47.5217263;21.6228288
47.5226185;21.6184650
47.5192332;21.6125581
47.5173254;21.6095738
47.5017945;21.5835133
47.4774500;21.5903400
47.4750596;21.5901802
47.4716036;21.5899343
47.4692568;21.5897944
47.4647851;21.5895022
36E (Alsójózsai utca - Nagyállomás, toronyház)
47.6037966;21.5972726
47.6049271;21.5955246
47.6023659;21.5866474
47.6003934;21.5824091
47.5966547;21.5777912
47.5552790;21.6069941
47.5485346;21.6095046
47.5410805;21.6098440
47.5336560;21.6115704
47.5287403;21.6133022
47.5264905;21.6188084
47.5283418;21.6254711
47.5210740;21.6271250
36A (Segner tér - Alsójózsai utca)
47.5289299;21.6131069
47.5332907;21.6117218
47.5361109;21.6119774
47.5380789;21.6112229
47.5426875;21.6097827
47.5462590;21.6097664
47.5495640;21.6098290
47.5530445;21.6090870
47.5565800;21.6062361
47.5585221;21.6046479
47.5612391;21.6025353
47.5652307;21.5998963
47.5758900;21.5916540
47.5819626;21.5891938
47.5891738;21.5839269
47.5975943;21.5772954
47.6005328;21.5830991
47.6025636;21.5871663
47.6005459;21.5897765
47.6037966;21.5972726
36Y (Alsójózsai utca - Doberdó utca)
47.6037966;21.5972726
47.6049271;21.5955246
47.6023659;21.5866474
47.6003934;21.5824091
47.5966547;21.5777912
47.5882635;21.5843136
47.5823392;21.5887123
47.5750050;21.5916896
47.5643568;21.6000990
47.5612261;21.6022155
47.5584862;21.6043767
47.5561347;21.6074814
47.5569625;21.6104847
36Y (Doberdó utca - Alsójózsai utca)
47.5571747;21.6109874
47.5565800;21.6062361
47.5585221;21.6046479
47.5612391;21.6025353
47.5652307;21.5998963
47.5758900;21.5916540
47.5819626;21.5891938
47.5891738;21.5839269
47.5975943;21.5772954
47.6005328;21.5830991
47.6025636;21.5871663
47.6005459;21.5897765
47.6037966;21.5972726
35E (Felsőjózsai utca - Nagyállomás, toronyház)
47.5934384;21.5629881
47.5964403;21.5623689
47.5980520;21.5724140
47.5966547;21.5777912
47.5552790;21.6069941
47.5485346;21.6095046
47.5410805;21.6098440
47.5336560;21.6115704
47.5287403;21.6133022
47.5264905;21.6188084
47.5283418;21.6254711
47.5210740;21.6271250
35A (Segner tér - Felsőjózsai utca)
47.5289299;21.6131069
47.5332907;21.6117218
47.5361109;21.6119774
47.5380789;21.6112229
47.5426875;21.6097827
47.5462590;21.6097664
47.5495640;21.6098290
47.5530445;21.6090870
47.5565800;21.6062361
47.5585221;21.6046479
47.5612391;21.6025353
47.5652307;21.5998963
47.5758900;21.5916540
47.5819626;21.5891938
47.5891738;21.5839269
47.5942412;21.5785374
47.5924400;21.5721750
47.5915380;21.5665376
47.5934384;21.5629881
35Y (Nagyállomás - Felsőjózsai utca)
47.5207620;21.6284134
47.5234552;21.6269495
47.5276918;21.6261489
47.5280359;21.6219682
47.5264621;21.6181517
47.5286680;21.6141683
47.5332907;21.6117218
47.5361109;21.6119774
47.5380789;21.6112229
47.5426875;21.6097827
47.5462590;21.6097664
47.5495640;21.6098290
47.5530445;21.6090870
47.5565800;21.6062361
47.5585221;21.6046479
47.5612391;21.6025353
47.5652307;21.5998963
47.5758900;21.5916540
47.5819626;21.5891938
47.5891738;21.5839269
47.5928455;21.5794331
47.5975943;21.5772954
47.5979241;21.5710945
47.5965725;21.5628681
47.5933084;21.5629371
35Y (Felsőjózsai utca - Nagyállomás, toronyház)
47.5933084;21.5629371
47.5913598;21.5658872
47.5924420;21.5724880
47.5942214;21.5787405
47.5882635;21.5843136
47.5823392;21.5887123
47.5750050;21.5916896
47.5643568;21.6000990
47.5612261;21.6022155
47.5584862;21.6043767
47.5552790;21.6069941
47.5516008;21.6095178
47.5485346;21.6095046
47.5454698;21.6094946
47.5410805;21.6098440
47.5390779;21.6105682
47.5336560;21.6115704
47.5287403;21.6133022
47.5264905;21.6188084
47.5283418;21.6254711
47.5229953;21.6267021
47.5210740;21.6271250
36 (Nagyállomás - Alsójózsai utca)
47.5207620;21.6284134
47.5234552;21.6269495
47.5276918;21.6261489
47.5280359;21.6219682
47.5264621;21.6181517
47.5286680;21.6141683
47.5332907;21.6117218
47.5361109;21.6119774
47.5380789;21.6112229
47.5426875;21.6097827
47.5462590;21.6097664
47.5495640;21.6098290
47.5530445;21.6090870
47.5565800;21.6062361
47.5585221;21.6046479
47.5612391;21.6025353
47.5652307;21.5998963
47.5758900;21.5916540
47.5819626;21.5891938
47.5891738;21.5839269
47.5975943;21.5772954
47.6005328;21.5830991
47.6025636;21.5871663
47.6005459;21.5897765
47.6037966;21.5972726
36 (Alsójózsai utca - Nagyállomás, toronyház)
47.6037966;21.5972726
47.6049271;21.5955246
47.6023659;21.5866474
47.6003934;21.5824091
47.5966547;21.5777912
47.5882635;21.5843136
47.5823392;21.5887123
47.5750050;21.5916896
47.5643568;21.6000990
47.5612261;21.6022155
47.5584862;21.6043767
47.5552790;21.6069941
47.5516008;21.6095178
47.5485346;21.6095046
47.5454698;21.6094946
47.5410805;21.6098440
47.5390779;21.6105682
47.5336560;21.6115704
47.5287403;21.6133022
47.5264905;21.6188084
47.5283418;21.6254711
47.5229953;21.6267021
47.5210740;21.6271250
36A (Alsójózsai utca - Segner tér)
47.6037966;21.5972726
47.6049271;21.5955246
47.6023659;21.5866474
47.6003934;21.5824091
47.5966547;21.5777912
47.5882635;21.5843136
47.5823392;21.5887123
47.5750050;21.5916896
47.5643568;21.6000990
47.5612261;21.6022155
47.5584862;21.6043767
47.5552790;21.6069941
47.5516008;21.6095178
47.5485346;21.6095046
47.5454698;21.6094946
47.5410805;21.6098440
47.5390779;21.6105682
47.5336560;21.6115704
47.5285507;21.6126645
351 (Felsőjózsai utca - Segner tér)
47.5933084;21.5629371
47.5913598;21.5658872
47.5924420;21.5724880
47.5942214;21.5787405
47.5882635;21.5843136
47.5823392;21.5887123
47.5750050;21.5916896
47.5643568;21.6000990
47.5612261;21.6022155
47.5584862;21.6043767
47.5552790;21.6069941
47.5516008;21.6095178
47.5485346;21.6095046
47.5454698;21.6094946
47.5410805;21.6098440
47.5390779;21.6105682
47.5336560;21.6115704
47.5285507;21.6126645
35A (Felsőjózsai utca - Segner tér)
47.5934384;21.5629881
47.5964403;21.5623689
47.5980520;21.5724140
47.5966547;21.5777912
47.5916816;21.5796752
47.5882635;21.5843136
47.5823392;21.5887123
47.5750050;21.5916896
47.5643568;21.6000990
47.5612261;21.6022155
47.5584862;21.6043767
47.5552790;21.6069941
47.5516008;21.6095178
47.5485346;21.6095046
47.5454698;21.6094946
47.5410805;21.6098440
47.5390779;21.6105682
47.5336560;21.6115704
47.5285507;21.6126645
351 (Segner tér - Felsőjózsai utca)
47.5289299;21.6131069
47.5332907;21.6117218
47.5361109;21.6119774
47.5380789;21.6112229
47.5426875;21.6097827
47.5462590;21.6097664
47.5495640;21.6098290
47.5530445;21.6090870
47.5565800;21.6062361
47.5585221;21.6046479
47.5612391;21.6025353
47.5652307;21.5998963
47.5758900;21.5916540
47.5819626;21.5891938
47.5891738;21.5839269
47.5928455;21.5794331
47.5975943;21.5772954
47.5979241;21.5710945
47.5965725;21.5628681
47.5933084;21.5629371
33Y (Segner tér - Nagymacs)
47.5289299;21.6131069
47.5306454;21.6197460
47.5335232;21.6206378
47.5384518;21.6220940
47.5414199;21.6162577
47.5416229;21.6125950
47.5419238;21.6081850
47.5422730;21.6022328
47.5429930;21.5920239
47.5421635;21.5831948
47.5452151;21.5782216
47.5479996;21.5602773
47.5512555;21.5414547
47.5525829;21.5357411
47.5547420;21.5407627
47.5519090;21.5425213
47.5524266;21.5347436
47.5534924;21.5287309
47.5557397;21.5161624
47.5600273;21.4961122
47.5691218;21.4824029
47.5792801;21.4837815
47.5795630;21.4789315
33Y (Nagymacs - Segner tér)
47.5795630;21.4789315
47.5791401;21.4840815
47.5686818;21.4821629
47.5588419;21.4966093
47.5552337;21.5183538
47.5531048;21.5301776
47.5525829;21.5357411
47.5547420;21.5407627
47.5519090;21.5425213
47.5507879;21.5431617
47.5475366;21.5620622
47.5444750;21.5813224
47.5421635;21.5831948
47.5425103;21.5939254
47.5421064;21.6021448
47.5415421;21.6113488
47.5412497;21.6186447
47.5408630;21.6217590
47.5372140;21.6219347
47.5326999;21.6204719
47.5303247;21.6178966
47.5288778;21.6126797
34 (Nagyállomás - Felsőjózsa (Elek utca 191.))
47.5207620;21.6284134
47.5234552;21.6269495
47.5276918;21.6261489
47.5280359;21.6219682
47.5264621;21.6181517
47.5286680;21.6141683
47.5332907;21.6117218
47.5361109;21.6119774
47.5380789;21.6112229
47.5426875;21.6097827
47.5462590;21.6097664
47.5495640;21.6098290
47.5530445;21.6090870
47.5565800;21.6062361
47.5585221;21.6046479
47.5612391;21.6025353
47.5652307;21.5998963
47.5758900;21.5916540
47.5819626;21.5891938
47.5891738;21.5839269
47.5968576;21.5766988
47.5949110;21.5689338
47.5933084;21.5629371
47.5925389;21.5526118
47.5928282;21.5498727
47.5938626;21.5410215
47.5944350;21.5357335
34 (Felsőjózsa (Elek utca 191.) - Nagyállomás, toronyház)
47.5944350;21.5357335
47.5962008;21.5368943
47.5953610;21.5432610
47.5945847;21.5499426
47.5940748;21.5579079
47.5948396;21.5634453
47.5956209;21.5681604
47.5966547;21.5777912
47.5882635;21.5843136
47.5823392;21.5887123
47.5750050;21.5916896
47.5643568;21.6000990
47.5612261;21.6022155
47.5584862;21.6043767
47.5552790;21.6069941
47.5516008;21.6095178
47.5485346;21.6095046
47.5454698;21.6094946
47.5410805;21.6098440
47.5390779;21.6105682
47.5336560;21.6115704
47.5287403;21.6133022
47.5264905;21.6188084
47.5283418;21.6254711
47.5229953;21.6267021
47.5210740;21.6271250
34A (Segner tér - Felsőjózsa (Elek utca 191.))
47.5289299;21.6131069
47.5332907;21.6117218
47.5361109;21.6119774
47.5380789;21.6112229
47.5426875;21.6097827
47.5462590;21.6097664
47.5495640;21.6098290
47.5530445;21.6090870
47.5565800;21.6062361
47.5585221;21.6046479
47.5612391;21.6025353
47.5652307;21.5998963
47.5758900;21.5916540
47.5819626;21.5891938
47.5891738;21.5839269
47.5968576;21.5766988
47.5949110;21.5689338
47.5933084;21.5629371
47.5925389;21.5526118
47.5928282;21.5498727
47.5938626;21.5410215
47.5944350;21.5357335
34A (Felsőjózsa (Elek utca 191.) - Segner tér)
47.5944350;21.5357335
47.5962008;21.5368943
47.5953610;21.5432610
47.5945847;21.5499426
47.5940748;21.5579079
47.5948396;21.5634453
47.5956209;21.5681604
47.5966547;21.5777912
47.5882635;21.5843136
47.5823392;21.5887123
47.5750050;21.5916896
47.5643568;21.6000990
47.5612261;21.6022155
47.5584862;21.6043767
47.5552790;21.6069941
47.5516008;21.6095178
47.5485346;21.6095046
47.5454698;21.6094946
47.5410805;21.6098440
47.5390779;21.6105682
47.5336560;21.6115704
47.5285507;21.6126645
35 (Nagyállomás - Felsőjózsai utca)
47.5207620;21.6284134
47.5234552;21.6269495
47.5276918;21.6261489
47.5280359;21.6219682
47.5264621;21.6181517
47.5286680;21.6141683
47.5332907;21.6117218
47.5361109;21.6119774
47.5380789;21.6112229
47.5426875;21.6097827
47.5462590;21.6097664
47.5495640;21.6098290
47.5530445;21.6090870
47.5565800;21.6062361
47.5585221;21.6046479
47.5612391;21.6025353
47.5652307;21.5998963
47.5758900;21.5916540
47.5819626;21.5891938
47.5891738;21.5839269
47.5942412;21.5785374
47.5924400;21.5721750
47.5915380;21.5665376
47.5934384;21.5629881
35 (Felsőjózsai utca - Nagyállomás, toronyház)
47.5934384;21.5629881
47.5964403;21.5623689
47.5980520;21.5724140
47.5966547;21.5777912
47.5916816;21.5796752
47.5882635;21.5843136
47.5823392;21.5887123
47.5750050;21.5916896
47.5643568;21.6000990
47.5612261;21.6022155
47.5584862;21.6043767
47.5552790;21.6069941
47.5516008;21.6095178
47.5485346;21.6095046
47.5454698;21.6094946
47.5410805;21.6098440
47.5390779;21.6105682
47.5336560;21.6115704
47.5287403;21.6133022
47.5264905;21.6188084
47.5283418;21.6254711
47.5229953;21.6267021
47.5210740;21.6271250
33E (Segner tér - Nagymacs)
47.5289299;21.6131069
47.5332907;21.6117218
47.5419238;21.6081850
47.5452151;21.5782216
47.5512555;21.5414547
47.5547420;21.5407627
47.5519090;21.5425213
47.5792801;21.4837815
47.5795630;21.4789315
33E (Nagymacs - Segner tér)
47.5795630;21.4789315
47.5791401;21.4840815
47.5547420;21.5407627
47.5519090;21.5425213
47.5444750;21.5813224
47.5410805;21.6098440
47.5336560;21.6115704
47.5285507;21.6126645
30I (Nagyállomás - Bánk)
47.5210555;21.6288382
47.5183100;21.6336700
47.5173866;21.6396772
47.5150974;21.6571000
47.5124511;21.6645894
47.5103000;21.6707700
47.5086200;21.6775700
47.5077709;21.6828900
47.5059070;21.6889942
47.5036175;21.6909466
47.5003765;21.6937545
47.4971458;21.6972788
47.4942491;21.7045135
47.4851485;21.7116698
47.4777539;21.7209642
47.4721722;21.7312376
47.4644080;21.7448201
47.4610731;21.7506448
47.4586522;21.7552017
30I (Bánk - Nagyállomás)
47.4586522;21.7552017
47.4614472;21.7502910
47.4646080;21.7446201
47.4725678;21.7305185
47.4780774;21.7205994
47.4853021;21.7117546
47.4947076;21.7042112
47.4973815;21.6970350
47.5005574;21.6937363
47.5039032;21.6908791
47.5063598;21.6887671
47.5078994;21.6827400
47.5087236;21.6774822
47.5107247;21.6698811
47.5127191;21.6642244
47.5152946;21.6569616
47.5175572;21.6394428
47.5183300;21.6341900
47.5217818;21.6286976
30N (Bánk - Nagyállomás)
47.4586522;21.7552017
47.4614472;21.7502910
47.4646080;21.7446201
47.4725678;21.7305185
47.4780774;21.7205994
47.4853021;21.7117546
47.4947076;21.7042112
47.4973815;21.6970350
47.5005574;21.6937363
47.5039032;21.6908791
47.5063598;21.6887671
47.5078994;21.6827400
47.5087236;21.6774822
47.5107247;21.6698811
47.5127191;21.6642244
47.5152946;21.6569616
47.5199697;21.6579509
47.5212766;21.6533730
47.5223335;21.6491241
47.5237565;21.6449719
47.5260564;21.6368048
47.5217818;21.6286976
33 (Nagymacs - Segner tér)
47.5795630;21.4789315
47.5791401;21.4840815
47.5686818;21.4821629
47.5588419;21.4966093
47.5552337;21.5183538
47.5531048;21.5301776
47.5525829;21.5357411
47.5547420;21.5407627
47.5519090;21.5425213
47.5507879;21.5431617
47.5475366;21.5620622
47.5444750;21.5813224
47.5425103;21.5939254
47.5421064;21.6021448
47.5415421;21.6113488
47.5412497;21.6186447
47.5408630;21.6217590
47.5372140;21.6219347
47.5326999;21.6204719
47.5303247;21.6178966
47.5288778;21.6126797
15Y (Lahner utca - Doberdó utca)
47.5133500;21.6655100
47.5183828;21.6687713
47.5224120;21.6713947
47.5246945;21.6693959
47.5270987;21.6635979
47.5287603;21.6601642
47.5250598;21.6596930
47.5199697;21.6579509
47.5212766;21.6533730
47.5223335;21.6491241
47.5237565;21.6449719
47.5273858;21.6366642
47.5279948;21.6320997
47.5307452;21.6314531
47.5333312;21.6295639
47.5346332;21.6227630
47.5343423;21.6174991
47.5380789;21.6112229
47.5426875;21.6097827
47.5462590;21.6097664
47.5491367;21.6155856
47.5533720;21.6194769
47.5567060;21.6138265
47.5576380;21.6111691
33 (Segner tér - Nagymacs)
47.5289299;21.6131069
47.5306454;21.6197460
47.5335232;21.6206378
47.5384518;21.6220940
47.5414199;21.6162577
47.5416229;21.6125950
47.5419238;21.6081850
47.5422730;21.6022328
47.5429930;21.5920239
47.5452151;21.5782216
47.5479996;21.5602773
47.5512555;21.5414547
47.5525829;21.5357411
47.5547420;21.5407627
47.5519090;21.5425213
47.5524266;21.5347436
47.5534924;21.5287309
47.5557397;21.5161624
47.5600273;21.4961122
47.5691218;21.4824029
47.5792801;21.4837815
47.5795630;21.4789315
12 (Auguszta - Vincellér utca)
47.5612762;21.6231318
47.5557233;21.6151241
47.5535927;21.6188686
47.5511235;21.6196507
47.5486704;21.6140003
47.5454698;21.6094946
47.5410805;21.6098440
47.5390779;21.6105682
47.5336560;21.6115704
47.5294017;21.6078912
47.5287893;21.6043387
47.5270000;21.5980880
47.5214050;21.5986480
47.5178574;21.5991414
47.5140893;21.6000592
12 (Vincellér utca - Auguszta)
47.5154410;21.5996939
47.5190736;21.5991626
47.5225205;21.5986964
47.5276982;21.5989861
47.5286880;21.6047145
47.5295438;21.6101529
47.5340611;21.6128377
47.5352729;21.6181047
47.5391561;21.6173176
47.5420264;21.6176381
47.5459119;21.6177600
47.5332907;21.6117218
47.5380789;21.6112229
47.5426875;21.6097827
47.5462590;21.6097664
47.5491367;21.6155856
47.5534021;21.6238440
47.5559901;21.6285604
47.5566514;21.6307196
47.5615306;21.6307168
47.5641193;21.6307858
47.5612807;21.6300845
47.5612762;21.6231318
15 (Széna tér - Doberdó utca)
47.4967625;21.6621492
47.4960485;21.6560619
47.4958859;21.6534158
47.4977255;21.6497147
47.5008972;21.6492909
47.5068264;21.6512055
47.5148625;21.6564033
47.5199697;21.6579509
47.5212766;21.6533730
47.5223335;21.6491241
47.5237565;21.6449719
47.5273858;21.6366642
47.5279948;21.6320997
47.5307452;21.6314531
47.5333312;21.6295639
47.5346332;21.6227630
47.5343423;21.6174991
47.5380789;21.6112229
47.5426875;21.6097827
47.5462590;21.6097664
47.5491367;21.6155856
47.5533720;21.6194769
47.5567060;21.6138265
47.5576380;21.6111691
15 (Doberdó utca - Széna tér)
47.5571747;21.6109874
47.5557233;21.6151241
47.5535927;21.6188686
47.5511235;21.6196507
47.5486704;21.6140003
47.5454698;21.6094946
47.5410805;21.6098440
47.5390779;21.6105682
47.5341339;21.6176192
47.5344298;21.6218222
47.5343431;21.6268664
47.5320616;21.6303428
47.5292065;21.6314568
47.5272831;21.6328827
47.5263006;21.6383678
47.5234795;21.6452854
47.5217286;21.6506881
47.5207018;21.6551427
47.5183288;21.6581155
47.5147998;21.6556195
47.5065699;21.6508529
47.5038733;21.6546915
47.5011692;21.6603853
47.4994697;21.6639464
47.4970001;21.6678073
47.4967625;21.6621492
30A (Diószegi út - Jégcsarnok)
47.5127191;21.6642244
47.5152946;21.6569616
47.5199697;21.6579509
47.5212766;21.6533730
47.5223335;21.6491241
47.5237565;21.6449719
47.5260564;21.6368048
47.5217818;21.6286976
47.5210740;21.6271250
47.5184226;21.6211049
47.5152933;21.6159499
47.5127383;21.6096298
47.5110609;21.6056503
47.5156923;21.6028255
47.5154410;21.5996939
47.5190736;21.5991626
47.5225205;21.5986964
47.5254500;21.5992610
